00 00 00 00 00 00 00 00 
00 00 00 00 00 00 00 00 
00 00 00 00 00 00 00 00 
00 00 00 00 00 00 00 00 
00 00 00 00 00 00 00 00 
00 00 00 00 00 00 00 00 
00 00 00 00 00 00 00 00 
00 00 00 00 00 00 00 00 
00 00 00 00 00 00 00 00 
00 00 00 00 00 00 00 00 
00 00 00 00 00 00 00 00 
00 00 00 00 00 00 00 00 
00 00 00 00 00 00 00 00 
00 00 00 00 00 00 00 00 
00 00 00 00 00 00 00 00 
00 00 00 00 00 00 00 00 
00 00 00 00 00 00 00 00 
44 22 40 00 00 00 00 00 
8d 22 40 00 00 00 00 00 
a4 21 40 00 00 00 00 00 
bc 21 40 00 00 00 00 00 
48 00 00 00 00 00 00 00 
ad 22 40 00 00 00 00 00 
ee 22 40 00 00 00 00 00 
81 22 40 00 00 00 00 00 
f9 21 40 00 00 00 00 00 
a4 21 40 00 00 00 00 00 
cd 1f 40 00 00 00 00 00 
31 31 61 36 37 36 31 30
00 00 00 00 00 00 00 00 
00 00 00 00 00 00 00 00 
00 00 00 00 00 00 00 00 
88 00 00 00 00 01 00 00 